0
0.0594563106796120
0.0583020833333330
0.0569722222222220
0.0567152777777780
0.111725694444444
0.283805555555556
0.260579861111111
0.289975694444444
0.310593750000000
0.287468750000000
0.314746527777778
0.333236111111111
0.326086805555556
0.321086805555556
0.318694444444444
0.327041666666667
0.322850694444444
0.308440972222222
0.311826388888889
0.317114583333333
0.325357638888889
0.324968750000000
0.322593750000000
0.332586805555556
0.340475694444444
0.336427083333333
0.328062500000000
0.316774305555556
0.314791666666667
0.328083333333333
0.336763888888889
0.332000000000000
0.328930555555556
0.322583333333333
0.310677083333333
0.294202090592334
0.284572916666667
0.296871527777778
0.324649305555556
0.326045138888889
0.331711805555556
0.324461805555556
0.332836805555556
0.324729166666667
0.318027777777778
0.325503472222222
0.309520833333333
0.304760416666667
0.299555555555556
0.289545138888889
0.278159722222222
0.293329861111111
0.324336805555556
0.321618055555556
0.323600694444444
0.324413194444444
0.308465277777778
0.331173611111111
0.327402777777778
0.335965277777778
0.337281250000000
0.323211805555556
0.316114583333333
0.330333333333333
0.320236111111111
0.321107638888889
0.336038194444444
0.337565972222222
0.337246527777778
0.337125000000000
0.329350694444444
0.334704861111111
0.334923611111111
0.337413194444444
0.344253472222222
0.328756944444444
0.332781250000000
0.312604166666667
0.340489583333333
0.317626760563380
0.314645833333333
0.311843750000000
0.309625000000000
0.298062500000000
0.314579861111111
0.307684027777778
0.313493055555556
0.321458333333333
0.298513888888889
0.288190972222222
0.279822916666667
0.271072916666667
0.267197916666667
0.259888888888889
0.261437500000000
0.273468750000000
0.289708333333333
0.277149305555556
0.280468750000000
0.298309027777778
0.280631944444444
0.269527777777778
0.259420138888889
0.280753472222222
0.322309027777778
0.312315972222222
0.298239583333333
0.297569444444444
0.311239583333333
0.307690972222222
0.310597222222222
0.291451388888889
0.279083333333333
0.267003472222222
0.256604166666667
0.247677083333333
0.240892361111111
0.234017361111111
0.226416666666667
0.219024305555556
0.209045138888889
0.199506944444444
0.193041666666667
0.186944250871080
0.181020833333333
0.178409722222222
0.183045138888889
0.182000000000000
0.179677083333333
0.178722222222222
0.177017361111111
0.173493055555556
0.168708333333333
0.163704861111111
0.159284722222222
0.155569444444444
0.152468750000000
0.152173611111111
0.157274305555556
0.157347222222222
0.154979166666667
0.152652777777778
0.151715277777778
0.163708333333333
0.171680555555556
0.175763888888889
0.173822916666667
0.171388888888889
0.168392361111111
0.165440972222222
0.162645833333333
0.159552083333333
0.156399305555556
0.153588850174216
0.150947916666667
0.148472222222222
0.145920138888889
0.143649305555556
0.141368055555556
0.139000000000000
0.136934027777778
0.134638888888889
0.132493055555556
0.130361111111111
0.128388888888889
0.125871527777778
0.124065972222222
0.122333333333333
0.120982638888889
0.119371527777778
0.117725694444444
0.116274305555556
0.114993055555556
0.114000000000000
0.112472222222222
0.111371527777778
0.110267361111111
0.109263888888889
0.108288194444444
0.107295138888889
0.106329861111111
0.105364583333333
0.104420138888889
0.104000000000000
0.103329861111111
0.102333333333333
0.101295138888889
0.100201388888889
0.0990034722222220
0.0974097222222220
0.0963611111111110
0.0959305555555560
0.0952152777777780
0.0940208333333330
0.0932713178294570
0.0929201388888890
0.0921909722222220
0.0920000000000000
0.0910868055555560
0.0910000000000000
0.0910000000000000
0.0902986111111110
0.0900000000000000
0.0900000000000000
0.0892673611111110
0.0890000000000000
0.0885034722222220
0.0880000000000000
0.0880000000000000
0.0873298611111110
0.0870000000000000
0.0870000000000000
0.0863645833333330
0.0860416666666670
0.0859131944444440
0.0850590277777780
0.0850000000000000
0.0840694444444440
0.0840000000000000
0.0839687500000000
0.0830000000000000
0.0830000000000000
0.0830000000000000
0.0820208333333330
0.0820000000000000
0.0822361111111110
0.0838815331010450
0.0850000000000000
0.0789201388888890
0.0815937500000000
0.0840000000000000
0.0834027777777780
0.0834930555555560
0.0850000000000000
0.0840138888888890
0.0840000000000000
0.0840000000000000
0.0839305555555560
0.0830000000000000
0.0823194444444440
0.0820000000000000
0.0811458333333330
0.0810000000000000
0.0810000000000000
0.0807013888888890
0.0821979166666670
0.0830000000000000
0.0829236111111110
0.0820000000000000
0.0810590277777780
0.0801944444444440
0.0797708333333330
0.0789236111111110
0.0780000000000000
0.0774444444444440
0.0769895833333330
0.0764131944444440
0.0760000000000000
0.0760000000000000
0.0754479166666670
0.0750000000000000
0.0747604166666670
0.0740555555555560
0.0740000000000000
0.0739930555555560
0.0788437500000000
0.0851736111111110
0.0850000000000000
0.0842708333333330
0.0809201388888890
0.0796111111111110
0.100736111111111
0.110291666666667
0.106961805555556
0.105611111111111
0.104697916666667
0.101628472222222
0.0985416666666670
0.0953923611111110
0.0929444444444440
0.0909027777777780
0.0890729166666670
0.0874027777777780
0.0856041666666670
0.0839131944444440
0.0825243055555560
0.0807916666666670
0.0795520833333330
0.0777326388888890
0.0762777777777780
0.0753819444444440
0.0743576388888890
0.0735972222222220
0.0727604166666670
0.0718472222222220
0.0712187500000000
0.0783715277777780
0.0888194444444440
0.0890000000000000
0.0891358885017420
0.0895277777777780
0.0887534722222220
0.0872013888888890
0.0849444444444440
0.0822673611111110
0.0796041666666670
0.0771875000000000
0.0745833333333330
0.0726111111111110
0.0709826388888890
0.0695104166666670
0.0687881944444450
0.0677048611111110
0.0667777777777780
0.0658784722222220
0.0649375000000000
0.0638541666666670
0.0627361111111110
0.0616493055555560
0.0605138888888890
0.0594131944444440
0.0585729166666670
0.0575277777777780
0.0563368055555560
0.0554895104895110
0.0547152777777780
0.0537187500000000
0.0527812500000000
0.0520416666666670
0.0514131944444440
0.0610347222222220
0.0740173611111110
0.0770000000000000
0.0760555555555560
0.0733020833333330
0.0707604166666670
0.0723611111111110
0.0911111111111110
0.103159722222222
0.108125000000000
0.139854166666667
0.135347222222222
0.127427083333333
0.118069444444444
0.109451388888889
0.102996527777778
0.0987569444444450
0.100628472222222
0.105805555555556
0.106406250000000
0.146805555555556
0.207565972222222
0.263576388888889
0.246586805555556
0.226309027777778
0.244038194444444
0.253979166666667
0.251246527777778
0.265055555555556
0.251305555555556
0.230902777777778
0.213468750000000
0.200802083333333
0.195364583333333
0.226555555555556
0.295513888888889
0.293993055555556
0.296274305555556
0.279163194444444
0.276270833333333
0.293270833333333
0.297663194444444
0.290534722222222
0.293197916666667
0.310927083333333
0.304843750000000
0.310989583333333
0.319993055555556
0.318430555555556
0.319784722222222
0.301177083333333
0.287746527777778
0.288010416666667
0.316809027777778
0.321388888888889
0.302857638888889
0.294888888888889
0.326902777777778
0.324875000000000
0.326156250000000
0.320972222222222
0.304350694444444
0.296565972222222
0.298322916666667
0.320496527777778
0.323423611111111
0.324031250000000
0.321902777777778
0.316628472222222
0.320687500000000
0.333958333333333
0.318274305555556
0.322777777777778
0.325954861111111
0.318628472222222
0.323527777777778
0.311590277777778
0.303090277777778
0.322062500000000
0.328812500000000
0.329857638888889
0.325996527777778
0.331357638888889
0.336951219512195
0.325215277777778
0.330888888888889
0.322142361111111
0.317440972222222
0.301510416666667
0.311239583333333
0.321930555555556
0.325125000000000
0.317131944444444
0.315114583333333
0.320163194444444
0.313000000000000
0.321083333333333
0.324586805555556
0.321236111111111
0.320131944444444
0.307416666666667
0.294944444444444
0.318003472222222
0.313920138888889
0.309631944444444
0.310065972222222
0.304371527777778
0.292645833333333
0.292048611111111
0.288243055555556
0.298930555555556
0.304232638888889
0.311454861111111
0.330552083333333
0.305020833333333
0.312326388888889
0.295187500000000
0.278465277777778
0.282281250000000
0.320076388888889
0.327486111111111
0.330479166666667
0.320159722222222
0.322951388888889
0.323017361111111
0.315586805555556
0.301677083333333
0.315565972222222
0.324285714285714
0.325565972222222
0.323190972222222
0.340489583333333
0.337013888888889
0.327552083333333
0.324534722222222
0.323618055555556
0.335229166666667
0.324534722222222
0.320760416666667
0.299048611111111
0.313479166666667
0.325631944444444
0.304732638888889
0.304645833333333
0.311006944444444
0.303927083333333
0.302809027777778
0.324788194444444
0.321475694444444
0.302993055555556
0.302319444444444
0.320125000000000
0.303861111111111
0.303934027777778
0.302899305555556
0.331177083333333
0.319687500000000
0.318447916666667
0.317184027777778
0.327534722222222
0.319024305555556
0.318802083333333
0.311236111111111
0.293430555555556
0.281131944444444
0.273253472222222
0.264295138888889
0.254583333333333
0.247791666666667
0.241392361111111
0.234593750000000
0.227059027777778
0.219915789473684
0.214107638888889
0.208461805555556
0.202593750000000
0.196284722222222
0.190104166666667
0.184736111111111
0.180093750000000
0.174954861111111
0.170343750000000
0.165555555555556
0.160368055555556
0.155503472222222
0.150604166666667
0.146326388888889
0.142986111111111
0.139951388888889
0.136972222222222
0.134045138888889
0.131270833333333
0.128604166666667
0.125864583333333
0.122847517730496
0.119951388888889
0.117614583333333
0.114934027777778
0.112732638888889
0.111173611111111
0.109934027777778
0.108829861111111
0.107670138888889
0.106402777777778
0.105663194444444
0.105291666666667
0.104465277777778
0.104267361111111
0.103677083333333
0.104059027777778
0.104302083333333
0.104000000000000
0.103343750000000
0.103000000000000
0.102750000000000
0.102447916666667
0.102170138888889
0.102086805555556
0.102000000000000
0.101711805555556
0.101093750000000
0.101000000000000
0.101000000000000
0.100781250000000
0.100305555555556
0.100000000000000
0.100000000000000
0.100000000000000
0.0997739130434780
0.0994027777777780
0.0990000000000000
0.0990000000000000
0.0990000000000000
0.0990000000000000
0.0984861111111110
0.0981944444444440
0.0980000000000000
0.0980000000000000
0.0981284722222220
0.0983263888888890
0.0982916666666670
0.0982465277777780
0.0980000000000000
0.0985277777777780
0.0997986111111110
0.100000000000000
0.100000000000000
0.100000000000000
0.100000000000000
0.0999548611111110
0.0994444444444440
0.0990000000000000
0.0989965277777780
0.0987743055555560
0.0980000000000000
0.0980000000000000
0.0980000000000000
0.0977152777777780
0.0973101045296170
0.0970000000000000
0.0969687500000000
0.0966666666666670
0.0960104166666670
0.0960000000000000
0.0959583333333330
0.0954930555555560
0.0950000000000000
0.0950000000000000
0.0948472222222220
0.100065972222222
0.112170138888889
0.114614583333333
0.115791666666667
0.116493055555556
0.116006944444444
0.116000000000000
0.115711805555556
0.114843750000000
0.113902777777778
0.112836805555556
0.111649305555556
0.110375000000000
0.108923611111111
0.107767361111111
0.106694444444444
0.105687500000000
0.104687500000000
0.103781250000000
0.103000000000000
0.102163194444444
0.101715277777778
0.101000000000000
0.100891986062718
0.100180555555556
0.0997326388888890
0.0989479166666670
0.0981493055555560
0.0976944444444440
0.0967326388888890
0.0960000000000000
0.0959444444444440
0.0954930555555560
0.0951111111111110
0.0947743055555560
0.0941597222222220
0.0937881944444440
0.0934548611111110
0.0930069444444440
0.0929444444444440
0.0927500000000000
0.0928993055555560
0.0983229166666670
0.188690972222222
0.214718750000000
0.203208333333333
0.193177083333333
0.185547038327526
0.183173611111111
0.196767361111111
0.192472222222222
0.193527777777778
0.204572916666667
0.198048611111111
0.190006944444444
0.182861111111111
0.181486111111111
0.195329861111111
0.187989583333333
0.209986111111111
0.265611111111111
0.248868055555556
0.242371527777778
0.228131944444444
0.233711805555556
0.242399305555556
0.229944444444444
0.217534722222222
0.206906250000000
0.197736111111111
0.187454861111111
0.178531250000000
0.169767361111111
0.161475694444444
0.154145833333333
0.148059027777778
0.142680555555556
0.144666666666667
0.169781250000000
0.166083333333333
0.157975694444444
0.150263888888889
0.147545138888889
0.148986111111111
0.146430555555556
0.147222222222222
0.163100694444444
0.163218750000000
0.156225694444444
0.147399305555556
0.138760416666667
0.130958333333333
0.124486111111111
0.121270833333333
0.120020833333333
0.117635416666667
0.115131944444444
0.122725694444444
0.126368055555556
0.172020833333333
0.190708333333333
0.181729166666667
0.171738675958188
0.166864583333333
0.160538194444444
0.153520833333333
0.148013888888889
0.141965277777778
0.138361111111111
0.182385416666667
0.270215277777778
0.264239583333333
0.240093750000000
0.225475694444444
0.278934027777778
0.277402777777778
0.252038194444444
0.231267361111111
0.215878472222222
0.206902777777778
0.217552083333333
0.277520833333333
0.265545138888889
0.280552083333333
0.278336805555556
0.265364583333333
0.272527777777778
0.252822916666667
0.236951388888889
0.224798611111111
0.217454861111111
0.210250000000000
0.209690972222222
0.217090277777778
0.289010416666667
0.271097222222222
0.270351916376307
0.250892361111111
0.238072916666667
0.239819444444444
0.251795138888889
0.267152777777778
0.262656250000000
0.289878472222222
0.282600694444444
0.312975694444444
0.304968750000000
0.311899305555556
0.315781250000000
0.312590277777778
0.316423611111111
0.322510416666667
0.326430555555556
0.319541666666667
0.329635416666667
0.327222222222222
0.323128472222222
0.318756944444444
0.332173611111111
0.315604166666667
0.325486111111111
0.325774305555556
0.327861111111111
0.329083333333333
0.327371527777778
0.318579861111111
0.320517361111111
0.315211805555556
0.332319444444444
0.321770833333333
0.325920138888889
0.322819444444444
0.322493055555556
0.316645833333333
0.312055555555556
0.329854166666667
0.337222222222222
0.328916666666667
0.328961805555556
0.324937500000000
0.328425087108014
0.325458333333333
0.329197916666667
0.328003472222222
0.318152777777778
0.302048611111111
0.307128472222222
0.325618055555556
0.323826388888889
0.326416666666667
0.324440972222222
0.321756944444444
0.328177083333333
0.325000000000000
0.337416666666667
0.330996527777778
0.318861111111111
0.318986111111111
0.334187500000000
0.311559027777778
0.315392361111111
0.337954861111111
0.332503472222222
0.343965277777778
0.332906250000000
0.330298611111111
0.323857638888889
0.336166666666667
0.325972222222222
0.321614583333333
0.325503472222222
0.320729166666667
0.331059027777778
0.325121527777778
0.314135416666667
0.314108013937282
0.339486111111111
0.332277777777778
0.333076388888889
0.327763888888889
0.309427083333333
0.304708333333333
0.328059027777778
0.330454861111111
0.316885416666667
0.300475694444444
0.303454861111111
0.328027777777778
0.321496527777778
0.319354166666667
0.314618055555556
0.297322916666667
0.283399305555556
0.283034722222222
0.324934027777778
0.319659722222222
0.313097222222222
0.343788194444444
0.320225694444444
0.308400696864111
0.296527777777778
0.283420138888889
0.281736111111111
0.270465277777778
0.263118055555556
0.291496527777778
0.321770833333333
0.319427083333333
0.325715277777778
0.310711805555556
0.294520833333333
0.300309027777778
0.315368055555556
0.298638888888889
0.286295138888889
0.275079861111111
0.264618055555556
0.261420138888889
0.254538194444444
0.246350694444444
0.238871527777778
0.230704861111111
0.224062500000000
0.220215277777778
0.214364583333333
0.207472222222222
0.201732638888889
0.196145833333333
0.190687500000000
0.185673611111111
0.180784722222222
0.175215277777778
0.171177083333333
0.167447916666667
0.172211805555556
0.186065972222222
0.186725694444444
0.185163194444444
0.181565972222222
0.177600694444444
0.173149305555556
0.169607638888889
0.168045138888889
0.164631944444444
0.160909722222222
0.157118055555556
0.155413194444444
0.154427083333333
0.153583333333333
0.152427083333333
0.151114583333333
0.149878472222222
0.148760416666667
0.147868055555556
0.146979166666667
0.145812500000000
0.144586805555556
0.143125000000000
0.141680555555556
0.140468750000000
0.139027777777778
0.137986111111111
0.136885416666667
0.135892361111111
0.135000000000000
0.134944444444444
0.134229166666667
0.133493055555556
0.132708333333333
0.131586805555556
0.130378472222222
0.129722222222222
0.128756944444444
0.128038194444444
0.126906250000000
0.126083333333333
0.125170138888889
0.124006944444444
0.122937500000000
0.121906250000000
0.120836805555556
0.119930555555556
0.118857638888889
0.117912891986063
0.117145833333333
0.116715277777778
0.116045138888889
0.115437500000000
0.115090277777778
0.114329861111111
0.113829861111111
0.113156250000000
0.112604166666667
0.112006944444444
0.111305555555556
0.110819444444444
0.110083333333333
0.109465277777778
0.109024305555556
0.108322916666667
0.108048611111111
0.107607638888889
0.107104166666667
0.106902777777778
0.106239583333333
0.105961805555556
0.105465277777778
0.105267361111111
0.105020833333333
0.104690972222222
0.104246527777778
0.104027777777778
0.103732638888889
0.103000000000000
0.103000000000000
0.102626666666667
0.101070833333333
0.100666666666667
0.103204861111111
0.105909722222222
0.106753472222222
0.106659722222222
0.106076388888889
0.105920138888889
0.105472222222222
0.105000000000000
0.104638888888889
0.103989583333333
0.103343750000000
0.102875000000000
0.102256944444444
0.101576388888889
0.101000000000000
0.100774305555556
0.100361111111111
0.0998229166666670
0.0993368055555560
0.0988888888888890
0.0989236111111110
0.0989062500000000
0.0989166666666670
0.0988784722222220
0.0986875000000000
0.0983784722222220
0.0979401408450700
0.0976562500000000
0.0974444444444440
0.0986597222222220
0.101239583333333
0.101739583333333
0.101538194444444
0.101315972222222
0.100572916666667
0.100020833333333
0.119979166666667
0.154246527777778
0.159288194444444
0.154190972222222
0.149288194444444
0.145322916666667
0.140611111111111
0.136236111111111
0.132496527777778
0.129312500000000
0.126437500000000
0.125590277777778
0.126184027777778
0.124670138888889
0.122465277777778
0.122944444444444
0.121173611111111
0.118892361111111
0.116715277777778
0.114722222222222
0.112666666666667
0.110614583333333
0.108711805555556
0.107062500000000
0.105604166666667
0.103684027777778
0.102725694444444
0.102211805555556
0.106746527777778
0.106340277777778
0.104937500000000
0.103795138888889
0.102239583333333
0.101170138888889
0.104552083333333
0.105493055555556
0.108413194444444
0.114670138888889
0.114458333333333
0.112354166666667
0.112107638888889
0.114376306620209
0.114590277777778
0.112996527777778
0.110357638888889
0.107503472222222
0.105201388888889
0.104982638888889
0.103920138888889
0.107579861111111
0.117586805555556
0.115812500000000
0.112013888888889
0.107388888888889
0.103246527777778
0.0999201388888890
0.0981840277777780
0.0963958333333330
0.117569444444444
0.120708333333333
0.122986111111111
0.121229166666667
0.118138888888889
0.119989583333333
0.132920138888889
0.149958333333333
0.147545138888889
0.142076388888889
0.135149305555556
0.127579861111111
0.120527777777778
0.114423611111111
0.108559027777778
0.104555555555556
0.144041666666667
0.149055555555556
0.146500000000000
0.244451476793249
0.246809027777778
0.256736111111111
0.269322916666667
0.246496527777778
0.231868055555556
0.244128472222222
0.233340277777778
0.227878472222222
0.264819444444444
0.250059027777778
0.236621527777778
0.236413194444444
0.243736111111111
0.250638888888889
0.248548611111111
0.238145833333333
0.268329861111111
0.312375000000000
0.308569444444444
0.304843750000000
0.313767361111111
0.311413194444444
0.315295138888889
0.310687500000000
0.293625000000000
0.279836805555556
0.266812500000000
0.257878472222222
0.250065972222222
0.270604166666667
0.308649305555556
0.294229166666667
0.310461805555556
0.322833333333333
0.319187500000000
0.318197916666667
0.320322916666667
0.301041666666667
0.320555555555556
0.304079861111111
0.296430555555556
0.313038194444444
0.292597222222222
0.290486111111111
0.323475694444444
0.321572916666667
0.320208333333333
0.329694444444444
0.326020833333333
0.321475694444444
0.326180555555556
0.318211805555556
0.315315972222222
0.316250000000000
0.331715277777778
0.314715277777778
0.309121527777778
0.314982638888889
0.318069444444444
0.318892361111111
0.317843750000000
0.317915662650602
0.320635897435897
0.317409722222222
0.320128472222222
0.327413194444444
0.334138888888889
0.327277777777778
0.317670138888889
0.321267361111111
0.319972222222222
0.324333333333333
0.330746527777778
0.326510416666667
0.325031250000000
0.319961805555556
0.326795138888889
0.338236111111111
0.328170138888889
0.339972222222222
0.328048611111111
0.323114583333333
0.321902777777778
0.326267361111111
0.327333333333333
0.325704861111111
0.313267361111111
0.321385416666667
0.330854166666667
0.326055555555556
0.328329861111111
0.321708333333333
0.322715277777778
0.325135416666667
0.326107638888889
0.329677083333333
0.334923611111111
0.317027777777778
0.318648083623693
0.336114583333333
0.322156250000000
0.335468750000000
0.320451388888889
0.321315972222222
0.322517361111111
0.321805555555556
0.319263888888889
0.321958333333333
0.322729166666667
0.319309027777778
0.317003472222222
0.326302083333333
0.337152777777778
0.321250000000000
0.300524305555556
0.285204861111111
0.271534722222222
0.263892361111111
0.276885416666667
0.281343750000000
0.270947916666667
0.261152777777778
0.252843750000000
0.244687500000000
0.242656250000000
0.236329861111111
0.227781250000000
0.221277777777778
0.218256944444444
0.212222222222222
0.207225694444444
0.207114583333333
0.204090277777778
0.198618055555556
0.193090277777778
0.187364583333333
0.181968750000000
0.177486111111111
0.173236111111111
0.171197916666667
0.170920138888889
0.167621527777778
0.163437500000000
0.159156250000000
0.155010416666667
0.150618055555556
0.146409722222222
0.142250000000000
0.137993055555556
0.134138888888889
0.133000000000000
